1.000 10.000 10.000
2.000 10.700 10.700
3.000 12.000 12.000
4.000 10.700 10.700
5.000 10.700 10.700
6.000 11.000 11.000
7.000 11.200 11.200
8.000 10.900 10.900
9.000 11.100 11.100
10.000 11.100 11.100
11.000 10.200 10.200
12.000 9.800 9.800
13.000 9.600 9.600
14.000 9.700 9.700
15.000 10.000 10.000
16.000 9.700 9.700
17.000 9.800 9.800
18.000 9.700 9.700
19.000 10.500 10.500
20.000 9.500 9.500
21.000 9.900 9.900
22.000 9.700 9.700
23.000 9.300 9.300
24.000 9.700 9.700
25.000 9.800 9.800
26.000 10.200 10.200
27.000 9.500 9.500
28.000 9.300 9.300
29.000 11.100 11.100
30.000 11.100 11.100
31.000 9.900 9.900
32.000 9.900 9.900
33.000 10.500 10.500
34.000 10.200 10.200
35.000 9.700 9.700
36.000 10.300 10.300
37.000 9.600 9.600
38.000 11.000 11.000
39.000 11.200 11.200
40.000 10.100 10.100
41.000 10.700 10.700
42.000 11.200 11.200
43.000 10.700 10.700
44.000 9.800 9.800
45.000 9.800 9.800
46.000 9.700 9.700
47.000 9.800 9.800
48.000 9.500 9.500
49.000 9.400 9.400
50.000 9.500 9.500
51.000 9.600 9.600
52.000 9.700 9.700
53.000 10.000 10.000
54.000 9.700 9.700
55.000 9.500 9.500
56.000 9.900 9.900
57.000 9.500 9.500
58.000 9.500 9.500
59.000 9.600 9.600
60.000 10.000 10.000
61.000 9.600 9.600
62.000 9.800 9.800
63.000 10.200 10.200
64.000 9.900 9.900
65.000 9.400 9.400
66.000 10.000 10.000
67.000 9.800 9.800
68.000 16.900 16.900
69.000 13.900 13.900
70.000 9.500 9.500
71.000 11.200 11.200
72.000 10.300 10.300
73.000 10.100 10.100
74.000 10.000 10.000
75.000 9.300 9.300
76.000 9.800 9.800
77.000 8.600 8.600
78.000 9.200 9.200
79.000 9.800 9.800
80.000 10.100 10.100
81.000 9.500 9.500
82.000 10.200 10.200
83.000 9.500 9.500
84.000 11.300 11.300
85.000 10.000 10.000
86.000 9.400 9.400
87.000 9.800 9.800
88.000 11.100 11.100
89.000 9.900 9.900
90.000 8.500 8.500
91.000 9.700 9.700
92.000 9.600 9.600
93.000 8.500 8.500
94.000 10.500 10.500
95.000 8.900 8.900
96.000 8.700 8.700
97.000 9.600 9.600
98.000 8.900 8.900
99.000 10.900 10.900
100.000 10.200 10.200
101.000 9.600 9.600
102.000 10.600 10.600
103.000 9.900 9.900
104.000 9.000 9.000
105.000 10.300 10.300
106.000 9.200 9.200
107.000 9.800 9.800
108.000 9.900 9.900
109.000 9.600 9.600
110.000 9.900 9.900
111.000 9.500 9.500
112.000 9.900 9.900
113.000 9.800 9.800
114.000 9.900 9.900
115.000 9.700 9.700
116.000 8.900 8.900
117.000 9.600 9.600
118.000 9.600 9.600
119.000 10.200 10.200
120.000 9.500 9.500
121.000 9.800 9.800
122.000 9.500 9.500
123.000 9.500 9.500
124.000 9.100 9.100
125.000 9.400 9.400
126.000 10.000 10.000
127.000 10.800 10.800
128.000 10.600 10.600
129.000 9.800 9.800
130.000 9.000 9.000
131.000 9.300 9.300
132.000 9.600 9.600
133.000 9.700 9.700
134.000 10.300 10.300
135.000 8.800 8.800
136.000 9.300 9.300
137.000 10.100 10.100
138.000 10.100 10.100
139.000 9.600 9.600
140.000 9.600 9.600
141.000 9.800 9.800
142.000 9.700 9.700
143.000 10.400 10.400
144.000 9.500 9.500
145.000 10.000 10.000
146.000 9.700 9.700
147.000 10.000 10.000
148.000 9.500 9.500
149.000 9.200 9.200
150.000 10.300 10.300
151.000 10.300 10.300
152.000 10.000 10.000
153.000 9.600 9.600
154.000 9.800 9.800
155.000 9.300 9.300
156.000 9.600 9.600
157.000 10.000 10.000
158.000 10.200 10.200
159.000 9.500 9.500
160.000 9.600 9.600
161.000 10.000 10.000
162.000 10.100 10.100
163.000 9.500 9.500
164.000 9.500 9.500
165.000 9.800 9.800
166.000 9.700 9.700
167.000 10.200 10.200
168.000 10.700 10.700
169.000 10.100 10.100
170.000 10.400 10.400
171.000 10.300 10.300
172.000 10.100 10.100
173.000 11.000 11.000
174.000 10.900 10.900
175.000 11.000 11.000
176.000 10.700 10.700
177.000 10.000 10.000
178.000 9.500 9.500
179.000 9.400 9.400
180.000 9.700 9.700
181.000 9.900 9.900
182.000 10.200 10.200
183.000 11.100 11.100
184.000 9.600 9.600
185.000 9.000 9.000
186.000 9.100 9.100
187.000 10.200 10.200
188.000 10.700 10.700
189.000 10.300 10.300
190.000 10.500 10.500
191.000 11.000 11.000
192.000 9.600 9.600
193.000 10.400 10.400
194.000 10.100 10.100
195.000 11.500 11.500
196.000 9.900 9.900
197.000 10.400 10.400
198.000 10.300 10.300
199.000 10.700 10.700
200.000 10.700 10.700
201.000 10.700 10.700
202.000 9.500 9.500
203.000 9.700 9.700
204.000 11.200 11.200
205.000 10.200 10.200
206.000 10.700 10.700
207.000 10.900 10.900
208.000 10.200 10.200
209.000 10.800 10.800
210.000 10.400 10.400
211.000 10.200 10.200
212.000 10.500 10.500
213.000 9.600 9.600
214.000 9.000 9.000
215.000 9.500 9.500
216.000 9.700 9.700
217.000 9.700 9.700
218.000 17.200 17.200
219.000 15.300 15.300
220.000 9.700 9.700
221.000 10.300 10.300
222.000 10.200 10.200
223.000 10.700 10.700
224.000 10.200 10.200
225.000 10.600 10.600
226.000 9.700 9.700
227.000 10.400 10.400
228.000 11.200 11.200
229.000 11.100 11.100
230.000 11.000 11.000
231.000 11.200 11.200
232.000 11.100 11.100
233.000 10.300 10.300
234.000 10.800 10.800
235.000 9.600 9.600
236.000 10.700 10.700
237.000 9.800 9.800
238.000 9.900 9.900
239.000 10.700 10.700
240.000 10.800 10.800
241.000 10.400 10.400
242.000 10.400 10.400
243.000 9.800 9.800
244.000 10.500 10.500
245.000 10.400 10.400
246.000 10.700 10.700
247.000 10.600 10.600
248.000 9.600 9.600
249.000 10.700 10.700
250.000 10.600 10.600
251.000 10.800 10.800
252.000 10.300 10.300
253.000 10.200 10.200
254.000 11.000 11.000
255.000 10.500 10.500
256.000 10.900 10.900
257.000 12.000 12.000
258.000 12.600 12.600
259.000 11.100 11.100
260.000 10.400 10.400
261.000 10.100 10.100
262.000 11.100 11.100
263.000 10.200 10.200
264.000 10.500 10.500
265.000 10.100 10.100
266.000 10.400 10.400
267.000 9.700 9.700
268.000 9.600 9.600
269.000 10.000 10.000
270.000 10.600 10.600
271.000 9.500 9.500
272.000 9.900 9.900
273.000 9.800 9.800
274.000 10.200 10.200
275.000 10.300 10.300
276.000 11.500 11.500
277.000 10.700 10.700
278.000 10.700 10.700
279.000 9.900 9.900
280.000 10.000 10.000
281.000 9.900 9.900
282.000 10.500 10.500
283.000 10.400 10.400
284.000 11.000 11.000
285.000 10.700 10.700
286.000 10.900 10.900
287.000 10.700 10.700
288.000 10.500 10.500
289.000 9.700 9.700
290.000 10.200 10.200
291.000 10.200 10.200
292.000 10.700 10.700
293.000 10.900 10.900
294.000 9.600 9.600
295.000 11.000 11.000
296.000 10.800 10.800
297.000 11.200 11.200
298.000 10.500 10.500
299.000 10.300 10.300
300.000 10.300 10.300
301.000 9.900 9.900
302.000 10.100 10.100
303.000 9.700 9.700
304.000 10.100 10.100
305.000 10.500 10.500
306.000 9.900 9.900
307.000 9.800 9.800
308.000 10.700 10.700
309.000 10.600 10.600
310.000 10.100 10.100
311.000 10.300 10.300
312.000 9.900 9.900
313.000 9.600 9.600
314.000 10.300 10.300
315.000 10.100 10.100
316.000 9.700 9.700
317.000 10.500 10.500
318.000 10.000 10.000
319.000 9.500 9.500
320.000 11.000 11.000
321.000 10.200 10.200
322.000 10.300 10.300
323.000 9.900 9.900
324.000 9.600 9.600
325.000 10.000 10.000
326.000 10.700 10.700
327.000 10.900 10.900
328.000 10.200 10.200
329.000 10.300 10.300
330.000 11.100 11.100
331.000 10.600 10.600
332.000 12.300 12.300
333.000 12.400 12.400
334.000 11.900 11.900
335.000 11.300 11.300
336.000 10.400 10.400
337.000 9.700 9.700
338.000 10.500 10.500
339.000 10.400 10.400
340.000 9.500 9.500
341.000 9.900 9.900
342.000 9.600 9.600
343.000 10.000 10.000
344.000 10.800 10.800
345.000 9.900 9.900
346.000 10.400 10.400
347.000 10.200 10.200
348.000 9.800 9.800
349.000 9.900 9.900
350.000 10.400 10.400
351.000 9.600 9.600
352.000 10.400 10.400
353.000 10.900 10.900
354.000 11.100 11.100
355.000 11.500 11.500
356.000 10.000 10.000
357.000 9.800 9.800
358.000 10.200 10.200
359.000 11.700 11.700
360.000 11.000 11.000
361.000 10.800 10.800
362.000 10.300 10.300
363.000 11.000 11.000
364.000 10.500 10.500
365.000 10.800 10.800
366.000 10.700 10.700
367.000 11.600 11.600
368.000 15.200 15.200
369.000 11.800 11.800
370.000 10.400 10.400
371.000 11.500 11.500
372.000 11.300 11.300
373.000 11.400 11.400
374.000 11.100 11.100
375.000 11.400 11.400
376.000 11.000 11.000
377.000 9.700 9.700
378.000 11.300 11.300
379.000 11.100 11.100
380.000 11.400 11.400
381.000 10.400 10.400
382.000 10.800 10.800
383.000 11.000 11.000
384.000 9.700 9.700
385.000 10.500 10.500
386.000 10.900 10.900
387.000 10.800 10.800
388.000 9.700 9.700
389.000 10.800 10.800
390.000 11.100 11.100
391.000 11.300 11.300
392.000 10.700 10.700
393.000 9.700 9.700
394.000 10.800 10.800
395.000 10.800 10.800
396.000 11.200 11.200
397.000 11.500 11.500
398.000 11.100 11.100
399.000 11.200 11.200
400.000 11.300 11.300
401.000 11.100 11.100
402.000 9.800 9.800
403.000 10.600 10.600
404.000 11.300 11.300
405.000 10.800 10.800
406.000 11.300 11.300
407.000 10.200 10.200
408.000 10.000 10.000
409.000 10.900 10.900
410.000 9.800 9.800
411.000 9.600 9.600
412.000 10.600 10.600
413.000 10.600 10.600
414.000 10.100 10.100
415.000 9.600 9.600
416.000 10.800 10.800
417.000 10.800 10.800
418.000 9.600 9.600
419.000 10.600 10.600
420.000 10.100 10.100
421.000 9.700 9.700
422.000 10.800 10.800
423.000 10.900 10.900
424.000 10.000 10.000
425.000 11.500 11.500
426.000 11.400 11.400
427.000 10.000 10.000
428.000 9.700 9.700
429.000 11.100 11.100
430.000 11.100 11.100
431.000 10.400 10.400
432.000 10.200 10.200
433.000 10.200 10.200
434.000 11.000 11.000
435.000 11.500 11.500
436.000 11.000 11.000
437.000 10.700 10.700
438.000 10.100 10.100
439.000 10.400 10.400
440.000 10.200 10.200
441.000 11.400 11.400
442.000 11.700 11.700
443.000 11.100 11.100
444.000 11.300 11.300
445.000 11.200 11.200
446.000 11.400 11.400
447.000 10.500 10.500
448.000 10.200 10.200
449.000 10.600 10.600
450.000 9.800 9.800
451.000 10.000 10.000
452.000 10.100 10.100
453.000 10.300 10.300
454.000 10.500 10.500
455.000 10.400 10.400
456.000 10.000 10.000
457.000 10.300 10.300
458.000 10.100 10.100
459.000 9.900 9.900
460.000 10.000 10.000
461.000 10.600 10.600
462.000 9.700 9.700
463.000 9.800 9.800
464.000 9.500 9.500
465.000 10.700 10.700
466.000 10.900 10.900
467.000 11.200 11.200
468.000 10.300 10.300
469.000 11.000 11.000
470.000 11.100 11.100
471.000 10.600 10.600
472.000 10.000 10.000
473.000 9.800 9.800
474.000 10.600 10.600
475.000 10.900 10.900
476.000 11.300 11.300
477.000 11.000 11.000
478.000 11.000 11.000
479.000 11.700 11.700
480.000 10.800 10.800
481.000 11.200 11.200
482.000 10.400 10.400
483.000 10.700 10.700
484.000 11.500 11.500
485.000 10.700 10.700
486.000 11.100 11.100
487.000 11.100 11.100
488.000 10.600 10.600
489.000 10.800 10.800
490.000 11.200 11.200
491.000 11.600 11.600
492.000 11.800 11.800
493.000 11.900 11.900
494.000 11.800 11.800
495.000 11.500 11.500
496.000 12.200 12.200
497.000 11.600 11.600
498.000 11.600 11.600
499.000 12.100 12.100
500.000 12.700 12.700
501.000 12.000 12.000
502.000 12.700 12.700
503.000 12.000 12.000
504.000 11.900 11.900
505.000 11.700 11.700
506.000 11.300 11.300
507.000 11.200 11.200
508.000 11.200 11.200
509.000 12.000 12.000
510.000 12.000 12.000
511.000 12.000 12.000
512.000 11.800 11.800
513.000 11.700 11.700
514.000 11.800 11.800
515.000 11.200 11.200
516.000 12.800 12.800
517.000 11.300 11.300
518.000 17.100 17.100
519.000 16.800 16.800
520.000 9.400 9.400
521.000 10.600 10.600
522.000 10.200 10.200
523.000 10.800 10.800
524.000 11.000 11.000
525.000 9.100 9.100
526.000 10.200 10.200
527.000 10.500 10.500
528.000 10.800 10.800
529.000 10.400 10.400
530.000 10.600 10.600
531.000 10.600 10.600
532.000 10.300 10.300
533.000 10.600 10.600
534.000 10.200 10.200
535.000 10.400 10.400
536.000 10.200 10.200
537.000 10.000 10.000
538.000 11.200 11.200
539.000 10.600 10.600
540.000 10.800 10.800
541.000 9.800 9.800
542.000 8.900 8.900
543.000 10.400 10.400
544.000 10.300 10.300
545.000 10.800 10.800
546.000 10.700 10.700
547.000 10.500 10.500
548.000 10.600 10.600
549.000 9.900 9.900
550.000 10.400 10.400
551.000 10.400 10.400
552.000 11.600 11.600
553.000 10.800 10.800
554.000 10.600 10.600
555.000 11.100 11.100
556.000 10.400 10.400
557.000 10.600 10.600
558.000 10.300 10.300
559.000 10.700 10.700
560.000 10.500 10.500
561.000 10.300 10.300
562.000 10.500 10.500
563.000 10.500 10.500
564.000 10.500 10.500
565.000 9.800 9.800
566.000 10.700 10.700
567.000 10.600 10.600
568.000 10.400 10.400
569.000 10.600 10.600
570.000 10.300 10.300
571.000 10.600 10.600
572.000 10.500 10.500
573.000 10.600 10.600
574.000 10.800 10.800
575.000 10.200 10.200
576.000 10.500 10.500
577.000 10.300 10.300
578.000 10.600 10.600
579.000 10.600 10.600
580.000 10.500 10.500
581.000 10.600 10.600
582.000 10.300 10.300
583.000 10.700 10.700
584.000 10.500 10.500
585.000 10.500 10.500
586.000 10.800 10.800
587.000 10.400 10.400
588.000 10.500 10.500
589.000 10.400 10.400
590.000 10.600 10.600
591.000 10.600 10.600
592.000 10.200 10.200
593.000 10.500 10.500
594.000 10.600 10.600
595.000 10.500 10.500
596.000 10.600 10.600
597.000 10.300 10.300
598.000 10.600 10.600
599.000 10.000 10.000
600.000 10.400 10.400
601.000 10.600 10.600
602.000 10.400 10.400
603.000 10.500 10.500
604.000 10.500 10.500
605.000 10.500 10.500
606.000 10.400 10.400
607.000 10.600 10.600
608.000 10.400 10.400
609.000 10.400 10.400
610.000 10.500 10.500
611.000 10.300 10.300
612.000 10.300 10.300
613.000 11.300 11.300
614.000 10.300 10.300
615.000 10.600 10.600
616.000 10.200 10.200
617.000 10.600 10.600
618.000 10.200 10.200
619.000 10.600 10.600
620.000 10.400 10.400
621.000 10.900 10.900
622.000 10.800 10.800
623.000 10.300 10.300
624.000 10.700 10.700
625.000 10.300 10.300
626.000 10.700 10.700
627.000 10.500 10.500
628.000 10.200 10.200
629.000 9.800 9.800
630.000 9.300 9.300
631.000 10.700 10.700
632.000 10.600 10.600
633.000 9.500 9.500
634.000 10.900 10.900
635.000 10.200 10.200
636.000 8.700 8.700
637.000 9.300 9.300
638.000 10.300 10.300
639.000 10.700 10.700
640.000 10.000 10.000
641.000 10.500 10.500
642.000 9.800 9.800
643.000 10.800 10.800
644.000 10.200 10.200
645.000 9.900 9.900
646.000 10.500 10.500
647.000 10.400 10.400
648.000 10.200 10.200
649.000 10.800 10.800
650.000 10.000 10.000
651.000 10.100 10.100
652.000 10.100 10.100
653.000 10.200 10.200
654.000 10.600 10.600
655.000 10.400 10.400
656.000 10.600 10.600
657.000 10.300 10.300
658.000 10.000 10.000
659.000 10.300 10.300
660.000 9.800 9.800
661.000 11.200 11.200
662.000 10.400 10.400
663.000 10.300 10.300
664.000 11.200 11.200
665.000 9.800 9.800
666.000 10.600 10.600
667.000 10.400 10.400
668.000 17.900 17.900
669.000 24.600 24.600
670.000 9.800 9.800
671.000 10.400 10.400
672.000 10.700 10.700
673.000 10.500 10.500
674.000 10.000 10.000
675.000 9.500 9.500
676.000 10.200 10.200
677.000 10.300 10.300
678.000 10.300 10.300
679.000 10.300 10.300
680.000 10.100 10.100
681.000 10.000 10.000
682.000 9.800 9.800
683.000 11.000 11.000
684.000 10.800 10.800
685.000 10.400 10.400
686.000 9.600 9.600
687.000 10.000 10.000
688.000 9.700 9.700
689.000 10.700 10.700
690.000 10.200 10.200
691.000 10.300 10.300
692.000 9.600 9.600
693.000 9.800 9.800
694.000 9.900 9.900
695.000 10.100 10.100
696.000 10.100 10.100
697.000 10.200 10.200
698.000 9.900 9.900
699.000 11.100 11.100
700.000 11.200 11.200
701.000 10.200 10.200
702.000 10.800 10.800
703.000 9.700 9.700
704.000 9.900 9.900
705.000 10.500 10.500
706.000 10.700 10.700
707.000 11.000 11.000
708.000 9.900 9.900
709.000 10.000 10.000
710.000 10.400 10.400
711.000 10.200 10.200
712.000 11.100 11.100
713.000 10.300 10.300
714.000 9.800 9.800
715.000 10.000 10.000
716.000 11.200 11.200
717.000 10.700 10.700
718.000 11.100 11.100
719.000 11.300 11.300
720.000 11.000 11.000
721.000 11.000 11.000
722.000 11.300 11.300
723.000 11.100 11.100
724.000 10.700 10.700
725.000 11.300 11.300
726.000 10.400 10.400
727.000 10.800 10.800
728.000 10.600 10.600
729.000 11.500 11.500
730.000 10.200 10.200
731.000 11.300 11.300
732.000 10.400 10.400
733.000 10.800 10.800
734.000 9.700 9.700
735.000 9.800 9.800
736.000 10.300 10.300
737.000 9.900 9.900
738.000 9.900 9.900
739.000 10.300 10.300
740.000 10.000 10.000
741.000 10.200 10.200
742.000 10.600 10.600
743.000 10.900 10.900
744.000 10.700 10.700
745.000 9.700 9.700
746.000 11.000 11.000
747.000 11.000 11.000
748.000 11.100 11.100
749.000 10.200 10.200
750.000 9.800 9.800
751.000 10.300 10.300
752.000 10.100 10.100
753.000 11.100 11.100
754.000 10.700 10.700
755.000 10.800 10.800
756.000 11.500 11.500
757.000 11.300 11.300
758.000 9.800 9.800
759.000 10.400 10.400
760.000 10.800 10.800
761.000 10.800 10.800
762.000 10.700 10.700
763.000 10.500 10.500
764.000 11.200 11.200
765.000 10.400 10.400
766.000 11.200 11.200
767.000 11.400 11.400
768.000 10.600 10.600
769.000 11.300 11.300
770.000 11.200 11.200
771.000 11.100 11.100
772.000 10.500 10.500
773.000 10.900 10.900
774.000 9.800 9.800
775.000 10.500 10.500
776.000 10.800 10.800
777.000 9.900 9.900
778.000 10.000 10.000
779.000 10.900 10.900
780.000 11.200 11.200
781.000 10.600 10.600
782.000 11.300 11.300
783.000 11.000 11.000
784.000 9.600 9.600
785.000 10.900 10.900
786.000 11.000 11.000
787.000 10.800 10.800
788.000 11.300 11.300
789.000 11.300 11.300
790.000 9.800 9.800
791.000 10.200 10.200
792.000 10.200 10.200
793.000 10.000 10.000
794.000 10.200 10.200
795.000 9.900 9.900
796.000 10.900 10.900
797.000 10.700 10.700
798.000 10.400 10.400
799.000 10.200 10.200
800.000 10.900 10.900
801.000 10.600 10.600
802.000 11.400 11.400
803.000 10.400 10.400
804.000 10.400 10.400
805.000 11.100 11.100
806.000 9.900 9.900
807.000 10.900 10.900
808.000 9.700 9.700
809.000 10.100 10.100
810.000 9.900 9.900
811.000 10.300 10.300
812.000 10.600 10.600
813.000 10.500 10.500
814.000 9.900 9.900
815.000 9.700 9.700
816.000 10.000 10.000
817.000 10.600 10.600
818.000 10.100 10.100
819.000 17.500 17.500
820.000 9.900 9.900
821.000 10.500 10.500
822.000 11.500 11.500
823.000 10.900 10.900
824.000 10.600 10.600
825.000 10.400 10.400
826.000 10.800 10.800
827.000 10.900 10.900
828.000 10.900 10.900
829.000 10.900 10.900
830.000 10.200 10.200
831.000 9.700 9.700
832.000 9.900 9.900
833.000 10.200 10.200
834.000 9.600 9.600
835.000 10.000 10.000
836.000 9.900 9.900
837.000 9.700 9.700
838.000 11.100 11.100
839.000 9.600 9.600
840.000 10.600 10.600
841.000 9.500 9.500
842.000 10.000 10.000
843.000 10.600 10.600
844.000 11.000 11.000
845.000 10.800 10.800
846.000 10.100 10.100
847.000 10.900 10.900
848.000 10.700 10.700
849.000 10.600 10.600
850.000 10.000 10.000
851.000 10.100 10.100
852.000 10.200 10.200
853.000 10.200 10.200
854.000 9.900 9.900
855.000 9.700 9.700
856.000 10.000 10.000
857.000 10.700 10.700
858.000 9.600 9.600
859.000 9.500 9.500
860.000 10.700 10.700
861.000 10.400 10.400
862.000 10.200 10.200
863.000 10.700 10.700
864.000 9.900 9.900
865.000 9.800 9.800
866.000 9.900 9.900
867.000 10.200 10.200
868.000 11.100 11.100
869.000 10.800 10.800
870.000 9.900 9.900
871.000 9.900 9.900
872.000 10.500 10.500
873.000 10.300 10.300
874.000 11.000 11.000
875.000 9.800 9.800
876.000 10.900 10.900
877.000 9.900 9.900
878.000 10.100 10.100
879.000 10.100 10.100
880.000 9.500 9.500
881.000 9.900 9.900
882.000 10.500 10.500
883.000 10.000 10.000
884.000 10.700 10.700
885.000 11.400 11.400
886.000 10.700 10.700
887.000 9.600 9.600
888.000 9.600 9.600
889.000 10.100 10.100
890.000 10.900 10.900
891.000 10.400 10.400
892.000 10.200 10.200
893.000 9.800 9.800
894.000 10.500 10.500
895.000 10.200 10.200
896.000 10.300 10.300
897.000 10.500 10.500
898.000 11.100 11.100
899.000 11.000 11.000
900.000 10.500 10.500
901.000 11.300 11.300
902.000 10.600 10.600
903.000 11.300 11.300
904.000 11.100 11.100
905.000 11.100 11.100
906.000 11.000 11.000
907.000 11.200 11.200
908.000 11.100 11.100
909.000 10.300 10.300
910.000 10.600 10.600
911.000 10.100 10.100
912.000 10.500 10.500
913.000 9.200 9.200
914.000 10.300 10.300
915.000 9.900 9.900
916.000 10.500 10.500
917.000 10.300 10.300
918.000 10.500 10.500
919.000 10.500 10.500
920.000 9.700 9.700
921.000 10.400 10.400
922.000 10.500 10.500
923.000 10.500 10.500
924.000 9.500 9.500
925.000 9.700 9.700
926.000 9.800 9.800
927.000 9.700 9.700
928.000 9.600 9.600
929.000 10.000 10.000
930.000 9.500 9.500
931.000 10.400 10.400
932.000 9.600 9.600
933.000 10.200 10.200
934.000 9.900 9.900
935.000 9.600 9.600
936.000 9.800 9.800
937.000 9.700 9.700
938.000 9.900 9.900
939.000 10.100 10.100
940.000 9.700 9.700
941.000 10.000 10.000
942.000 11.200 11.200
943.000 9.700 9.700
944.000 10.100 10.100
945.000 9.800 9.800
946.000 9.800 9.800
947.000 10.400 10.400
948.000 10.500 10.500
949.000 10.100 10.100
950.000 9.800 9.800
951.000 11.000 11.000
952.000 10.100 10.100
953.000 9.700 9.700
954.000 10.100 10.100
955.000 9.800 9.800
956.000 9.400 9.400
957.000 9.700 9.700
958.000 9.800 9.800
959.000 9.900 9.900
960.000 9.500 9.500
961.000 9.700 9.700
962.000 10.200 10.200
963.000 9.500 9.500
964.000 9.600 9.600
965.000 9.900 9.900
966.000 9.900 9.900
967.000 9.700 9.700
968.000 17.200 17.200
969.000 19.100 19.100
970.000 9.700 9.700
971.000 10.000 10.000
972.000 9.900 9.900
973.000 10.800 10.800
974.000 11.100 11.100
975.000 11.400 11.400
976.000 10.800 10.800
977.000 9.400 9.400
978.000 10.600 10.600
979.000 10.800 10.800
980.000 10.000 10.000
981.000 10.100 10.100
982.000 10.600 10.600
983.000 10.400 10.400
984.000 11.300 11.300
985.000 11.200 11.200
986.000 10.900 10.900
987.000 11.100 11.100
988.000 11.200 11.200
989.000 11.000 11.000
990.000 11.300 11.300
991.000 11.600 11.600
992.000 10.700 10.700
993.000 11.400 11.400
994.000 11.200 11.200
995.000 10.400 10.400
996.000 10.500 10.500
997.000 10.100 10.100
998.000 10.800 10.800
999.000 9.600 9.600
1000.000 10.100 10.100
1001.000 11.200 11.200
1002.000 10.800 10.800
1003.000 9.500 9.500
1004.000 9.900 9.900
1005.000 10.200 10.200
1006.000 9.700 9.700
1007.000 10.900 10.900
1008.000 9.700 9.700
1009.000 9.500 9.500
1010.000 10.200 10.200
1011.000 10.100 10.100
1012.000 9.600 9.600
1013.000 10.100 10.100
1014.000 10.900 10.900
1015.000 11.500 11.500
1016.000 10.500 10.500
1017.000 10.400 10.400
1018.000 10.300 10.300
1019.000 9.600 9.600
1020.000 10.200 10.200
1021.000 10.000 10.000
1022.000 9.500 9.500
1023.000 10.400 10.400
1024.000 9.500 9.500
1025.000 9.500 9.500
1026.000 9.700 9.700
1027.000 9.700 9.700
1028.000 9.700 9.700
1029.000 9.700 9.700
1030.000 9.900 9.900
1031.000 9.700 9.700
1032.000 10.500 10.500
1033.000 10.800 10.800
1034.000 11.100 11.100
1035.000 11.300 11.300
1036.000 11.100 11.100
1037.000 10.000 10.000
1038.000 10.800 10.800
1039.000 10.400 10.400
1040.000 10.000 10.000
1041.000 10.100 10.100
1042.000 10.800 10.800
1043.000 10.900 10.900
1044.000 9.300 9.300
1045.000 10.500 10.500
1046.000 10.800 10.800
1047.000 10.100 10.100
1048.000 11.000 11.000
1049.000 11.100 11.100
1050.000 10.000 10.000
1051.000 10.200 10.200
1052.000 10.900 10.900
1053.000 9.900 9.900
1054.000 9.800 9.800
1055.000 10.400 10.400
1056.000 11.000 11.000
1057.000 10.800 10.800
1058.000 11.200 11.200
1059.000 11.000 11.000
1060.000 10.200 10.200
1061.000 10.500 10.500
1062.000 10.900 10.900
1063.000 11.100 11.100
1064.000 11.400 11.400
1065.000 10.500 10.500
1066.000 9.800 9.800
1067.000 11.100 11.100
1068.000 10.400 10.400
1069.000 9.900 9.900
1070.000 9.400 9.400
1071.000 9.500 9.500
1072.000 10.300 10.300
1073.000 10.900 10.900
1074.000 10.700 10.700
1075.000 11.200 11.200
1076.000 11.200 11.200
1077.000 10.900 10.900
1078.000 11.000 11.000
1079.000 11.300 11.300
1080.000 11.000 11.000
1081.000 11.000 11.000
1082.000 11.100 11.100
1083.000 11.400 11.400
1084.000 10.800 10.800
1085.000 11.300 11.300
1086.000 11.100 11.100
1087.000 11.000 11.000
1088.000 11.200 11.200
1089.000 11.200 11.200
1090.000 10.900 10.900
1091.000 11.100 11.100
1092.000 11.300 11.300
1093.000 11.100 11.100
1094.000 10.800 10.800
1095.000 9.400 9.400
1096.000 9.900 9.900
1097.000 9.800 9.800
1098.000 11.400 11.400
1099.000 10.900 10.900
1100.000 11.000 11.000
1101.000 11.200 11.200
1102.000 9.900 9.900
1103.000 9.500 9.500
1104.000 10.500 10.500
1105.000 8.900 8.900
1106.000 10.200 10.200
1107.000 10.000 10.000
1108.000 10.200 10.200
1109.000 10.200 10.200
1110.000 11.100 11.100
1111.000 10.100 10.100
1112.000 9.800 9.800
1113.000 9.500 9.500
1114.000 10.400 10.400
1115.000 9.500 9.500
1116.000 9.800 9.800
1117.000 9.800 9.800
1118.000 16.600 16.600
1119.000 24.200 24.200
1120.000 11.800 11.800
1121.000 11.400 11.400
1122.000 11.800 11.800
1123.000 11.700 11.700
1124.000 10.600 10.600
1125.000 11.100 11.100
1126.000 10.800 10.800
1127.000 11.200 11.200
1128.000 11.200 11.200
1129.000 11.700 11.700
1130.000 11.600 11.600
1131.000 11.300 11.300
1132.000 11.400 11.400
1133.000 11.400 11.400
1134.000 10.900 10.900
1135.000 11.100 11.100
1136.000 11.600 11.600
1137.000 11.700 11.700
1138.000 11.200 11.200
1139.000 11.500 11.500
1140.000 11.300 11.300
1141.000 11.400 11.400
1142.000 10.800 10.800
1143.000 11.400 11.400
1144.000 11.100 11.100
1145.000 11.200 11.200
1146.000 11.400 11.400
1147.000 11.300 11.300
1148.000 11.200 11.200
1149.000 11.600 11.600
1150.000 11.500 11.500
1151.000 11.000 11.000
1152.000 11.400 11.400
1153.000 11.300 11.300
1154.000 11.200 11.200
1155.000 11.200 11.200
1156.000 11.900 11.900
1157.000 12.200 12.200
1158.000 11.400 11.400
1159.000 11.500 11.500
1160.000 11.800 11.800
1161.000 11.000 11.000
1162.000 11.600 11.600
1163.000 12.200 12.200
1164.000 11.400 11.400
1165.000 12.800 12.800
1166.000 11.300 11.300
1167.000 11.400 11.400
1168.000 12.600 12.600
1169.000 11.400 11.400
1170.000 11.900 11.900
1171.000 12.200 12.200
1172.000 11.600 11.600
1173.000 11.200 11.200
1174.000 11.600 11.600
1175.000 11.400 11.400
1176.000 11.300 11.300
1177.000 11.200 11.200
1178.000 12.000 12.000
1179.000 11.800 11.800
1180.000 10.600 10.600
1181.000 12.000 12.000
1182.000 12.200 12.200
1183.000 11.000 11.000
1184.000 12.700 12.700
1185.000 11.700 11.700
1186.000 12.300 12.300
1187.000 12.200 12.200
1188.000 11.500 11.500
1189.000 11.900 11.900
1190.000 12.300 12.300
1191.000 11.600 11.600
1192.000 11.300 11.300
1193.000 11.200 11.200
1194.000 12.100 12.100
1195.000 11.600 11.600
1196.000 11.400 11.400
1197.000 11.600 11.600
1198.000 11.700 11.700
1199.000 10.800 10.800
