1 60 120
2 55 110
3 62 124
4 56 112
5 51 103
6 52 105
7 58 117
8 62 124
9 56 112
10 52 105
11 42 84
12 24 48
13 24 48
14 25 50
15 25 50
16 21 43
17 19 38
18 24 48
19 24 48
20 22 45
21 22 45
22 25 50
23 24 48
24 24 48
25 21 43
26 22 45
27 24 48
28 22 45
29 25 50
30 24 48
31 25 50
32 25 50
33 25 50
34 24 48
35 24 48
36 24 48
37 22 45
38 24 48
39 25 50
40 25 50
41 26 52
42 25 50
43 21 43
44 24 48
45 24 48
46 21 43
47 21 43
48 21 43
49 20 40
50 26 52
51 25 50
52 22 45
53 25 50
54 22 45
55 22 45
56 22 45
57 20 40
58 21 43
59 21 43
60 21 43
61 19 38
62 22 45
63 21 43
64 20 40
65 21 43
66 19 38
67 19 38
68 19 38
69 18 36
70 19 38
71 18 36
72 19 38
73 22 45
74 21 43
75 24 48
76 21 43
77 22 45
78 20 40
79 24 48
80 24 48
81 19 38
82 21 43
83 19 38
84 20 40
85 18 36
86 21 43
87 20 40
88 21 43
89 21 43
90 21 43
91 22 45
92 24 48
93 21 43
94 26 52
95 22 45
96 24 48
97 20 40
98 19 38
99 19 38
100 18 36
101 21 43
102 19 38
103 20 40
104 19 38
105 21 43
106 18 36
107 22 45
108 24 48
109 22 45
110 24 48
111 21 43
112 20 40
113 18 36
114 20 40
115 20 40
116 20 40
117 19 38
118 20 40
119 21 43
120 19 38
121 21 43
122 21 43
123 22 45
124 21 43
125 24 48
126 22 45
127 21 43
128 20 40
129 19 38
130 20 40
131 20 40
132 21 43
133 20 40
134 20 40
135 20 40
136 19 38
137 21 43
138 20 40
139 19 38
140 22 45
141 21 43
142 22 45
143 18 36
144 16 33
145 18 36
146 16 33
147 16 33
148 20 40
149 19 38
150 19 38
151 21 43
152 22 45
153 21 43
154 19 38
155 20 40
156 24 48
157 22 45
158 19 38
159 21 43
160 19 38
161 21 43
162 20 40
163 16 33
164 20 40
165 16 33
166 21 43
167 20 40
168 19 38
169 22 45
170 22 45
171 22 45
172 22 45
173 20 40
174 18 36
175 20 40
176 19 38
177 20 40
178 19 38
179 20 40
180 21 43
181 22 45
182 24 48
183 22 45
184 22 45
185 19 38
186 25 50
187 19 38
188 20 40
189 21 43
190 20 40
191 19 38
192 18 36
193 22 45
194 18 36
195 19 38
196 20 40
197 21 43
198 22 45
199 21 43
200 20 40
201 22 45
202 20 40
203 19 38
204 19 38
205 19 38
206 19 38
207 21 43
208 18 36
209 16 33
210 20 40
211 19 38
212 19 38
213 22 45
214 19 38
215 19 38
216 14 28
217 18 36
218 19 38
219 20 40
220 18 36
221 21 43
222 18 36
223 21 43
224 20 40
225 22 45
226 21 43
227 22 45
228 22 45
229 21 43
230 20 40
231 19 38
232 20 40
233 16 33
234 20 40
235 18 36
236 18 36
237 16 33
238 21 43
239 21 43
240 19 38
241 21 43
242 22 45
243 20 40
244 19 38
245 21 43
246 18 36
247 19 38
248 19 38
249 16 33
250 19 38
251 21 43
252 20 40
253 16 33
254 22 45
255 22 45
256 21 43
257 22 45
258 20 40
259 19 38
260 19 38
261 19 38
262 20 40
263 19 38
264 19 38
265 19 38
266 25 50
267 20 40
268 19 38
269 22 45
270 18 36
271 22 45
272 16 33
273 20 40
274 19 38
275 18 36
276 19 38
277 19 38
278 20 40
279 19 38
280 21 43
281 20 40
282 20 40
283 19 38
284 21 43
285 20 40
286 22 45
287 20 40
288 18 36
289 18 36
290 18 36
291 16 33
292 19 38
293 16 33
294 19 38
295 18 36
296 18 36
297 19 38
298 20 40
299 21 43
300 19 38
301 22 45
302 20 40
303 20 40
304 18 36
305 19 38
306 19 38
307 19 38
308 20 40
309 20 40
310 21 43
311 20 40
312 18 36
313 18 36
314 18 36
315 19 38
316 20 40
317 21 43
318 18 36
319 19 38
320 18 36
321 20 40
322 18 36
323 16 33
324 19 38
325 16 33
326 19 38
327 21 43
328 20 40
329 20 40
330 16 33
331 16 33
332 21 43
333 19 38
334 19 38
335 20 40
336 20 40
337 19 38
338 21 43
339 19 38
340 18 36
341 21 43
342 21 43
343 20 40
344 19 38
345 20 40
346 19 38
347 20 40
348 19 38
349 19 38
350 18 36
351 15 31
352 20 40
353 21 43
354 22 45
355 22 45
356 20 40
357 19 38
358 20 40
359 20 40
360 19 38
361 21 43
362 22 45
363 21 43
364 25 50
365 24 48
366 24 48
367 22 45
368 24 48
369 24 48
370 22 45
371 25 50
372 24 48
373 22 45
374 25 50
375 24 48
376 24 48
377 24 48
378 24 48
379 24 48
380 24 48
381 24 48
382 24 48
383 22 45
384 25 50
385 24 48
386 24 48
387 22 45
388 22 45
389 20 40
390 25 50
391 22 45
392 25 50
393 21 43
394 22 45
395 24 48
396 19 38
397 22 45
398 20 40
399 20 40
400 19 38
401 25 50
402 19 38
403 20 40
404 24 48
405 22 45
406 24 48
407 20 40
408 22 45
409 19 38
410 20 40
411 24 48
412 25 50
413 25 50
414 24 48
415 26 52
416 25 50
417 22 45
418 24 48
419 22 45
420 24 48
421 25 50
422 26 52
423 24 48
424 24 48
425 25 50
426 22 45
427 21 43
428 24 48
429 22 45
430 24 48
431 21 43
432 22 45
433 20 40
434 24 48
435 22 45
436 22 45
437 21 43
438 20 40
439 22 45
440 22 45
441 21 43
442 22 45
443 22 45
444 21 43
445 21 43
446 22 45
447 22 45
448 22 45
449 21 43
450 24 48
451 24 48
452 22 45
453 22 45
454 25 50
455 22 45
456 22 45
457 22 45
458 21 43
459 20 40
460 21 43
461 20 40
462 21 43
463 20 40
464 22 45
465 21 43
466 22 45
467 22 45
468 24 48
469 22 45
470 22 45
471 21 43
472 21 43
473 24 48
474 25 50
475 22 45
476 22 45
477 22 45
478 21 43
479 21 43
480 22 45
481 19 38
482 22 45
483 24 48
484 22 45
485 24 48
486 19 38
487 22 45
488 25 50
489 21 43
490 22 45
491 21 43
492 21 43
493 22 45
494 22 45
495 21 43
496 21 43
497 21 43
498 25 50
499 22 45
500 24 48
501 22 45
502 22 45
503 21 43
504 24 48
505 21 43
506 15 31
507 22 45
508 26 52
509 25 50
510 26 52
511 22 45
512 24 48
513 25 50
514 24 48
515 21 43
516 22 45
517 20 40
518 28 57
519 25 50
520 24 48
521 25 50
522 26 52
523 22 45
524 24 48
525 24 48
526 24 48
527 22 45
528 24 48
529 24 48
530 21 43
531 22 45
532 24 48
533 24 48
534 26 52
535 27 55
536 24 48
537 25 50
538 22 45
539 21 43
540 22 45
541 22 45
542 22 45
543 21 43
544 21 43
545 20 40
546 24 48
547 25 50
548 25 50
549 27 55
550 24 48
551 19 38
552 22 45
553 21 43
554 24 48
555 26 52
556 24 48
557 18 36
558 21 43
559 18 36
560 24 48
561 25 50
562 24 48
563 25 50
564 24 48
565 22 45
566 21 43
567 24 48
568 25 50
569 22 45
570 22 45
571 25 50
572 27 55
573 21 43
574 22 45
575 22 45
576 24 48
577 18 36
578 21 43
579 21 43
580 21 43
581 20 40
582 22 45
583 21 43
584 21 43
585 25 50
586 21 43
587 22 45
588 25 50
589 22 45
590 22 45
591 20 40
592 21 43
593 21 43
594 25 50
595 24 48
596 24 48
597 20 40
598 20 40
599 22 45
600 22 45
601 25 50
602 22 45
603 21 43
604 21 43
605 22 45
606 22 45
607 24 48
608 25 50
609 27 55
610 24 48
611 26 52
612 24 48
613 24 48
614 21 43
615 27 55
616 26 52
617 25 50
618 21 43
619 24 48
620 21 43
621 21 43
622 24 48
623 22 45
624 22 45
625 22 45
626 21 43
627 24 48
628 22 45
629 24 48
630 19 38
631 24 48
632 22 45
633 27 55
634 24 48
635 24 48
636 22 45
637 25 50
638 22 45
639 21 43
640 21 43
641 24 48
642 22 45
643 25 50
644 21 43
645 26 52
646 22 45
647 22 45
648 25 50
649 21 43
650 24 48
651 19 38
652 15 31
653 18 36
654 18 36
655 18 36
656 18 36
657 19 38
658 16 33
659 19 38
660 16 33
661 18 36
662 18 36
663 15 31
664 22 45
665 19 38
666 19 38
667 19 38
668 15 31
669 20 40
670 16 33
671 19 38
672 16 33
673 20 40
674 21 43
675 20 40
676 19 38
677 19 38
678 19 38
679 18 36
680 18 36
681 19 38
682 18 36
683 16 33
684 20 40
685 16 33
686 16 33
687 19 38
688 18 36
689 15 31
690 20 40
691 22 45
692 16 33
693 16 33
694 20 40
695 20 40
696 19 38
697 16 33
698 18 36
699 18 36
700 21 43
701 15 31
702 16 33
703 18 36
704 18 36
705 20 40
706 19 38
707 16 33
708 16 33
709 16 33
710 15 31
711 15 31
712 15 31
713 16 33
714 18 36
715 19 38
716 19 38
717 20 40
718 15 31
719 19 38
720 16 33
721 20 40
722 18 36
723 18 36
724 19 38
725 19 38
726 19 38
727 20 40
728 21 43
729 18 36
730 16 33
731 20 40
732 18 36
733 15 31
734 19 38
735 18 36
736 20 40
737 20 40
738 18 36
739 19 38
740 19 38
741 19 38
742 18 36
743 19 38
744 20 40
745 19 38
746 20 40
747 19 38
748 14 28
749 19 38
750 18 36
751 19 38
752 18 36
753 21 43
754 19 38
755 20 40
756 20 40
757 20 40
758 16 33
759 18 36
760 18 36
761 18 36
762 15 31
763 21 43
764 16 33
765 20 40
766 20 40
767 19 38
768 21 43
769 20 40
770 16 33
771 21 43
772 19 38
773 16 33
774 19 38
775 18 36
776 15 31
777 16 33
778 15 31
779 16 33
780 18 36
781 16 33
782 15 31
783 15 31
784 18 36
785 18 36
786 21 43
787 18 36
788 16 33
789 26 52
790 22 45
791 22 45
792 18 36
793 20 40
794 20 40
795 22 45
796 22 45
797 24 48
798 21 43
799 19 38
800 20 40
801 18 36
802 18 36
803 18 36
804 18 36
805 18 36
806 18 36
807 19 38
808 20 40
809 19 38
810 26 52
811 19 38
812 20 40
813 22 45
814 22 45
815 19 38
816 19 38
817 18 36
818 19 38
819 19 38
820 18 36
821 19 38
822 20 40
823 20 40
824 19 38
825 20 40
826 21 43
827 22 45
828 21 43
829 18 36
830 16 33
831 20 40
832 20 40
833 20 40
834 19 38
835 20 40
836 18 36
837 18 36
838 24 48
839 25 50
840 21 43
841 19 38
842 19 38
843 19 38
844 21 43
845 19 38
846 20 40
847 19 38
848 19 38
849 18 36
850 19 38
851 21 43
852 20 40
853 20 40
854 21 43
855 20 40
856 21 43
857 22 45
858 18 36
859 19 38
860 18 36
861 21 43
862 18 36
863 16 33
864 19 38
865 18 36
866 20 40
867 19 38
868 20 40
869 21 43
870 21 43
871 19 38
872 20 40
873 20 40
874 19 38
875 16 33
876 19 38
877 19 38
878 18 36
879 21 43
880 19 38
881 18 36
882 16 33
883 21 43
884 16 33
885 21 43
886 19 38
887 19 38
888 19 38
889 20 40
890 19 38
891 18 36
892 19 38
893 20 40
894 20 40
895 19 38
896 20 40
897 18 36
898 21 43
899 20 40
900 19 38
901 20 40
902 22 45
903 18 36
904 15 31
905 18 36
906 16 33
907 20 40
908 18 36
909 21 43
910 21 43
911 18 36
912 19 38
913 19 38
914 20 40
915 21 43
916 19 38
917 19 38
918 21 43
919 18 36
920 20 40
921 19 38
922 19 38
923 18 36
924 20 40
925 21 43
926 20 40
927 21 43
928 21 43
929 19 38
930 20 40
931 21 43
932 20 40
933 19 38
934 20 40
935 19 38
936 20 40
937 22 45
938 20 40
939 21 43
940 19 38
941 21 43
942 22 45
943 19 38
944 20 40
945 20 40
946 19 38
947 21 43
948 21 43
949 22 45
950 20 40
951 22 45
952 21 43
953 21 43
954 20 40
955 20 40
956 16 33
957 22 45
958 20 40
959 19 38
960 22 45
961 21 43
962 21 43
963 20 40
964 19 38
965 18 36
966 20 40
967 20 40
968 21 43
969 21 43
970 21 43
971 19 38
972 21 43
973 21 43
974 21 43
975 21 43
976 16 33
977 18 36
978 18 36
979 21 43
980 20 40
981 21 43
982 21 43
983 22 45
984 16 33
985 20 40
986 19 38
987 19 38
988 19 38
989 20 40
990 20 40
991 19 38
992 20 40
993 20 40
994 18 36
995 22 45
996 20 40
997 19 38
998 20 40
999 21 43
1000 19 38
1001 18 36
1002 20 40
1003 21 43
1004 21 43
1005 19 38
1006 21 43
1007 19 38
1008 19 38
1009 21 43
1010 21 43
1011 22 45
1012 21 43
1013 21 43
1014 20 40
1015 22 45
1016 21 43
1017 20 40
1018 20 40
1019 22 45
1020 22 45
1021 21 43
1022 21 43
1023 22 45
1024 21 43
1025 19 38
1026 22 45
1027 19 38
1028 20 40
1029 20 40
1030 22 45
1031 21 43
1032 22 45
1033 22 45
1034 21 43
1035 22 45
1036 21 43
1037 22 45
1038 18 36
1039 21 43
1040 22 45
1041 21 43
1042 22 45
1043 18 36
1044 20 40
1045 19 38
1046 22 45
1047 22 45
1048 20 40
1049 19 38
1050 22 45
1051 21 43
1052 21 43
1053 19 38
1054 21 43
1055 20 40
1056 21 43
1057 20 40
1058 21 43
1059 21 43
1060 21 43
1061 21 43
1062 21 43
1063 21 43
1064 22 45
1065 21 43
1066 20 40
1067 22 45
1068 16 33
1069 20 40
1070 19 38
1071 20 40
1072 21 43
1073 20 40
1074 20 40
1075 21 43
1076 21 43
1077 21 43
1078 19 38
1079 19 38
1080 20 40
1081 18 36
1082 19 38
1083 21 43
1084 19 38
1085 20 40
1086 21 43
1087 20 40
1088 21 43
1089 20 40
1090 19 38
1091 16 33
1092 19 38
1093 20 40
1094 20 40
1095 19 38
1096 19 38
1097 19 38
1098 21 43
1099 20 40
1100 21 43
1101 21 43
1102 21 43
1103 20 40
1104 21 43
1105 20 40
1106 25 50
1107 20 40
1108 20 40
1109 19 38
1110 19 38
1111 21 43
1112 20 40
1113 21 43
1114 19 38
1115 21 43
1116 18 36
1117 19 38
1118 19 38
1119 21 43
1120 18 36
1121 21 43
1122 21 43
1123 20 40
1124 19 38
1125 18 36
1126 21 43
1127 21 43
1128 20 40
1129 19 38
1130 20 40
1131 18 36
1132 19 38
1133 22 45
1134 18 36
1135 18 36
1136 14 28
1137 20 40
1138 19 38
1139 21 43
1140 19 38
1141 20 40
1142 19 38
1143 19 38
1144 16 33
1145 20 40
1146 18 36
1147 20 40
1148 20 40
1149 19 38
1150 19 38
1151 20 40
1152 19 38
1153 21 43
1154 19 38
1155 20 40
1156 13 26
